#####################################################################
# Alchemist log file - simulation started at: 2024-06-03T19:45+0000 #
#####################################################################
#
# agentFrequency = 4.0, speed = 1.0, variance = 0.5, numberOfDrones = 16, seed = 69.0
#
# The columns have the following meaning: 
# time error 
0.0 1242.5391666546968
0.0 1242.5391666546968
1.0 1277.3810563977124
2.0 1335.3035917791176
3.0 1435.7653298156247
4.0 1577.903524679356
5.0 1763.802193299033
6.0 1749.443883845701
7.0 1736.2675607633191
8.0 1726.8280640609921
9.0 1734.4203327260159
10.0 1745.247877860723
11.0 1755.750819530125
12.0 1760.666518695842
13.0 1760.6683726791982
14.0 1758.2177463504293
15.0 1759.7030858636215
16.0 1759.7030858636215
17.0 1757.1206023366335
18.0 1758.599245105583
19.0 1758.599245105583
20.0 1755.8875260246296
21.0 1757.3579397626406
22.0 1757.3579397626406
23.0 1754.5197343118693
24.0 1755.9803948533056
25.0 1755.9803948533056
26.0 1753.0185770436365
27.0 1754.4679698480893
28.0 1754.4679698480893
29.0 1751.385535680917
30.0 1752.8221573278743
31.0 1752.8221573278743
32.0 1749.6222218383778
33.0 1751.0445815109174
34.0 1751.0445815109174
35.0 1747.730375693893
36.0 1749.1369966499399
37.0 1749.1369966499399
38.0 1745.7118642712026
39.0 1747.101285300895
40.0 1747.101285300895
41.0 1743.5686795973825
42.0 1742.7396579047893
43.0 1744.9394564651088
44.0 1741.3029367369566
45.0 1721.0206362584217
46.0 1697.0723844018046
47.0 1679.9584780350935
48.0 1678.7295922392213
49.0 1682.622249759
50.0 1686.7464531767985
51.0 1685.3091995215802
52.0 1686.4051813797485
53.0 1684.4168281404534
54.0 1682.9969104069621
55.0 1682.9969104069621
56.0 1681.9434770868882
57.0 1683.6174047292197
58.0 1682.2654951234545
59.0 1679.3288409149818
60.0 1679.0350315383455
61.0 1679.6646499554338
62.0 1676.5754999549658
63.0 1676.9246712032543
64.0 1676.9246712032543
65.0 1673.686171421954
66.0 1674.4981536839473
67.0 1689.679387219259
68.0 1674.6021346967198
69.0 1662.1630750412623
70.0 1651.5506277654406
71.0 1640.3380059049175
72.0 1634.2660116756874
73.0 1631.2167454410078
74.0 1628.8774551490787
75.0 1630.820534984583
76.0 1630.820534984583
77.0 1628.2786784702628
78.0 1630.2338210218272
79.0 1630.2338210218272
80.0 1627.4920285319492
81.0 1629.4571825685864
82.0 1629.4571825685864
83.0 1626.5182816626534
84.0 1628.491386073249
85.0 1628.491386073249
86.0 1625.3583988329747
87.0 1627.3373846603547
88.0 1627.3373846603547
89.0 1624.013524707231
90.0 1624.72071899285
91.0 1625.996317189973
92.0 1622.4849865138156
93.0 1624.4695071337887
94.0 1624.4695071337887
95.0 1620.7742927353827
96.0 1622.758461268993
97.0 1622.758461268993
98.0 1618.8831316201579
99.0 1622.2361546163183
100.0 1620.8648681912769
101.0 1616.813369515838
102.0 1618.7905966483925
103.0 1618.7905966483925
104.0 1614.567049027736
105.0 1617.9714876205708
106.0 1617.9714876205708
107.0 1613.6295005427783
108.0 1576.5444044702774
109.0 1543.5001010308326
110.0 1518.78898001307
111.0 1513.5450734957478
112.0 1508.1467874127513
113.0 1501.0051691758213
114.0 1502.0460791717317
115.0 1502.0460791717317
116.0 1498.3674552489797
117.0 1502.289709443075
118.0 1502.2522202734478
119.0 1498.2965984559664
120.0 1473.4154916417872
121.0 1452.895306707992
122.0 1436.2795627569371
123.0 1429.2730142030814
124.0 1420.5014051543817
125.0 1410.3261898406042
126.0 1409.22312421647
127.0 1410.1166841976021
128.0 1406.7042090229604
129.0 1411.386477653316
130.0 1412.1214647475197
131.0 1408.371250130453
132.0 1392.5465766438347
133.0 1385.4011045533377
134.0 1376.092067189044
135.0 1376.4557374700062
136.0 1377.3415536097343
137.0 1374.5705759073176
138.0 1377.8627807438
139.0 1378.1182785681808
140.0 1375.8457560824945
141.0 1379.7005312826982
142.0 1379.6383040326891
143.0 1376.183296050607
144.0 1370.3525810607357
145.0 1367.6420324464689
146.0 1367.3501518422195
147.0 1368.9588247324464
148.0 1369.7882749915905
149.0 1367.1907807225612
150.0 1368.8800768152807
151.0 1368.8800768152807
152.0 1365.9801285214037
153.0 1367.677610835562
154.0 1369.1491407659553
155.0 1365.8512289226737
156.0 1368.3154522206385
157.0 1368.3154522206385
158.0 1364.672370218345
159.0 1366.3109976302023
160.0 1367.140000356548
161.0 1363.155562611749
162.0 1364.7938809092107
163.0 1364.7938809092107
164.0 1360.5215583304791
165.0 1361.6396573639022
166.0 1362.6491065276018
167.0 1358.3334576291008
168.0 1362.3562664677731
169.0 1361.5763443374876
170.0 1356.5940738207305
171.0 1359.0487931193861
172.0 1359.0487931193861
173.0 1353.74375068925
174.0 1356.8116430445916
175.0 1356.1886236562655
176.0 1350.5662638835506
177.0 1352.160543379654
178.0 1352.688418719255
179.0 1347.0647491994864
180.0 1349.482046031206
181.0 1349.482046031206
182.0 1343.2426622093074
183.0 1345.6422564516874
184.0 1345.6422564516874
185.0 1339.1037748514264
186.0 1340.701911045741
187.0 1341.4830792602509
188.0 1334.6521717079725
189.0 1337.0086190626414
190.0 1337.0086190626414
191.0 1329.892245973799
192.0 1331.5255671861455
193.0 1331.5255671861455
194.0 1324.5873872920126
195.0 1326.9811808298466
196.0 1326.4496242142652
197.0 1319.4665162627377
198.0 1321.7392272345073
199.0 1321.7392272345073
200.0 1313.8110012223601
201.0 1316.5436031369982
202.0 1316.050836815708
203.0 1307.8677313103485
204.0 1309.4258768513682
205.0 1310.0722619435558
206.0 1301.6425718165651
207.0 1302.9906443977368
208.0 1303.9241666336263
209.0 1300.0196585179244
210.0 1300.9183053225063
211.0 1300.5804127093306
212.0 1293.1854322115428
213.0 1293.5998443139167
214.0 1293.695073101667
215.0 1286.0326855752878
216.0 1286.4904667274282
217.0 1286.4904667274282
218.0 1278.5684775065272
219.0 1279.8943200705082
220.0 1278.973703663283
221.0 1270.8001742774607
222.0 1270.4856051172653
223.0 1271.1522020468653
224.0 1262.7354422654962
225.0 1263.955257111855
226.0 1263.955257111855
227.0 1254.3822403874628
228.0 1253.367148048412
229.0 1254.6261517909495
230.0 1245.7488122451207
231.0 1245.93791236784
232.0 1245.93791236784
233.0 1236.8436779897186
234.0 1236.9775367300076
235.0 1236.9775367300076
236.0 1227.6756259136373
237.0 1228.5813486003253
238.0 1228.5813486003253
239.0 1219.130504306481
240.0 1220.600124880349
241.0 1221.193712645809
242.0 1210.037760975878
243.0 1211.6234920292397
244.0 1211.3779275563638
245.0 1199.2799262465783
246.0 1198.2729116557557
247.0 1198.2729116557557
248.0 1188.2857570287092
249.0 1187.7973496032241
250.0 1187.8401877845058
251.0 1177.7435807234187
252.0 1177.3841348546566
253.0 1178.1478001480882
254.0 1167.0695588251522
255.0 1166.7168775271878
256.0 1166.5590894675292
257.0 1156.274225304833
258.0 1155.7317168965433
259.0 1155.7317168965433
260.0 1145.368233853309
261.0 1144.6744068255505
262.0 1144.7940026502479
263.0 1134.362347367447
264.0 1134.5994285428358
265.0 1133.7567409320789
266.0 1123.2674273284517
267.0 1122.6780762943406
268.0 1122.6737274432028
269.0 1111.9982548406138
270.0 1111.3840282526717
271.0 1111.6865895518356
272.0 1100.6765317504842
273.0 1098.9578801504501
274.0 1100.0782603768428
275.0 1088.9954567493837
276.0 1089.056112731042
277.0 1088.4643871743824
278.0 1077.1973722720363
279.0 1076.4886135104878
280.0 1076.4886135104878
281.0 1065.293921603421
282.0 1048.4436805536077
283.0 1033.8278337847598
284.0 1007.2134323239343
285.0 994.999742240558
286.0 984.802768453413
287.0 966.3459579318039
288.0 960.3385440531544
289.0 959.0054483136076
290.0 949.0931347642614
291.0 950.0059985644364
292.0 949.3907737275975
293.0 939.410039726375
294.0 939.6247992260068
295.0 939.6247992260068
296.0 929.5857623833185
297.0 929.7171626466081
298.0 929.7171626466081
299.0 919.6299981107302
300.0 919.7584776769536
301.0 920.0695844647221
302.0 909.9938344953125
303.0 910.0227468967752
304.0 910.0876116343914
305.0 899.3634293919109
306.0 899.1842504006856
307.0 899.2426978452538
308.0 889.0726256021928
309.0 888.480068966452
310.0 891.2576356435621
311.0 884.8261685207425
312.0 883.7542106669304
313.0 883.7542106669304
314.0 874.3093243164691
315.0 873.1554459596342
316.0 873.1554459596342
317.0 864.4564150616746
318.0 861.2882888031629
319.0 861.5758542104763
320.0 852.8564093602823
321.0 851.9139920373422
322.0 851.1368984321032
323.0 842.6430133783974
324.0 841.732159274551
325.0 841.0801443628095
326.0 832.3498418812301
327.0 830.8930848286502
328.0 830.6770859323345
329.0 821.9870529863375
330.0 821.0624953398744
331.0 821.0624953398744
332.0 812.5202150040767
333.0 810.6447912142849
334.0 811.4844576518783
335.0 803.0985792600544
336.0 801.8109341051373
337.0 801.8109341051373
338.0 792.6936891838602
339.0 789.2050184951042
340.0 789.6744912334303
341.0 780.4372497165888
342.0 779.176466452406
343.0 777.8457510469091
344.0 769.4886242110578
345.0 767.4810867792055
346.0 767.189283349292
347.0 758.924589377675
348.0 756.4095241104955
349.0 756.1470098846705
350.0 748.0818120936876
351.0 745.8633966816084
352.0 745.8701312345507
353.0 737.8154757160122
354.0 728.1164761584262
355.0 717.9108651409928
356.0 704.4978909053581
357.0 700.2605456459071
358.0 698.1870749807159
359.0 690.0506278020906
360.0 688.0188080993368
361.0 688.5395819053927
362.0 680.2201139314456
363.0 676.219299269047
364.0 676.4321196695448
365.0 669.2853974670257
366.0 664.4027907975835
367.0 664.4646030656984
368.0 658.3923024750412
369.0 654.5835979401805
370.0 654.2982345478972
371.0 647.5515791251097
372.0 643.6426515680055
373.0 643.6426515680055
374.0 636.8118399558554
375.0 633.7019666990635
376.0 632.6636550775779
377.0 626.0699790493235
378.0 623.5395252685024
379.0 623.5395252685024
380.0 616.2237218449101
381.0 611.4880181383343
382.0 610.681957156763
383.0 604.3178681626447
384.0 599.8949107511639
385.0 599.9165802565252
386.0 594.7010311341709
387.0 591.4217847450632
388.0 591.1851489455216
389.0 584.6000154042132
390.0 579.7149481734538
391.0 580.115863113213
392.0 574.0224356532332
393.0 569.5839229125627
394.0 569.9532501656658
395.0 563.9792898494204
396.0 560.6084685173588
397.0 559.9299709999507
398.0 554.0816899325009
399.0 549.3107221021486
400.0 549.3107221021486
401.0 544.3394036386409
402.0 533.1724410094987
403.0 524.086688674063
404.0 500.728531965326
405.0 478.6250147879777
406.0 446.47462430249044
407.0 414.7433712217863
408.0 388.35851899213014
409.0 370.4232821876956
410.0 355.73135260219254
411.0 345.0187584921505
412.0 338.91964267569887
413.0 336.0831987669814
414.0 334.1228718237456
415.0 333.9629982658493
416.0 331.33449014818916
417.0 329.6209862109088
418.0 329.3133329170387
419.0 326.74917034657335
420.0 324.73441348217676
421.0 324.99778713694025
422.0 322.40246994073635
423.0 320.5139321118648
424.0 320.5160532723325
425.0 318.0378201926452
426.0 316.012773201002
427.0 316.1616918849028
428.0 313.5621437038742
429.0 312.7925710480727
430.0 312.1296876516756
431.0 309.1001498099625
432.0 306.6493202956492
433.0 306.6556680416275
434.0 304.16224787074736
435.0 303.09515948235344
436.0 302.74481470957033
437.0 300.2348057550564
438.0 297.4335718773499
439.0 297.76537045283914
440.0 295.8402046183179
441.0 294.8635602506722
442.0 294.33984438437
443.0 292.00242811627044
444.0 290.9669948859296
445.0 291.16906677591686
446.0 287.9808618964736
447.0 285.94328555353303
448.0 286.3244163894557
449.0 283.2961987842204
450.0 279.387056724703
451.0 280.4997353512725
452.0 278.1916291997036
453.0 276.86503471202195
454.0 275.7968186496454
455.0 273.6401243075184
456.0 271.830858803144
457.0 271.6419022089365
458.0 269.53700196492036
459.0 268.348945032885
460.0 268.7614237916317
461.0 266.6616108307108
462.0 264.60679730230675
463.0 264.2546800200014
464.0 262.1623674797966
465.0 259.7183233538626
466.0 259.52699092502104
467.0 257.54324811972947
468.0 255.3949562035446
469.0 255.9791661959997
470.0 254.05704512162538
471.0 252.41513564135795
472.0 251.72037776404756
473.0 249.69094261573946
474.0 246.91686062978013
475.0 247.51181742288875
476.0 245.7690557049118
477.0 244.44605751323837
478.0 243.64117532599678
479.0 241.71923441376242
480.0 239.52842517081507
481.0 239.52124669389394
482.0 237.82045456024238
483.0 235.32393975058878
484.0 235.32393975058878
485.0 233.9886770536465
486.0 231.50344540696602
487.0 231.5913321226813
488.0 230.4912568093259
489.0 228.00123313311906
490.0 227.86613125143978
491.0 227.0680719452448
492.0 224.57331016688312
493.0 224.82143483930963
494.0 223.81038744729318
495.0 221.39885474637651
496.0 221.6321993067441
497.0 220.8471454349925
498.0 219.58127471736054
499.0 220.2337186927195
500.0 218.51063936834458
501.0 214.8700661428336
502.0 215.6868756501312
503.0 215.66869750405223
504.0 214.07502450737653
505.0 213.48376635849255
506.0 212.77948874036295
507.0 209.68799336104232
508.0 210.47452407140736
509.0 210.1111038339394
510.0 208.29462098593422
511.0 208.13928594618835
512.0 207.908005979576
513.0 205.41082601083076
514.0 205.39339132183477
515.0 205.34414036238377
516.0 203.11257377371277
517.0 203.63153389227017
518.0 204.05702958703654
519.0 201.8424357100877
520.0 202.596665501441
521.0 202.4129514976257
522.0 204.60555803577694
523.0 206.449503638
524.0 208.45071342217935
525.0 207.2004512152038
526.0 206.23166935754685
527.0 207.1673287680131
528.0 204.57308165322922
529.0 205.0967627079375
530.0 206.076032153929
531.0 204.89890755172976
532.0 204.0865041258051
533.0 205.177900557931
534.0 179.63119148169108
535.0 162.83551995253697
536.0 149.21741046415718
537.0 133.77735065732122
538.0 123.95886643381533
539.0 117.10450189685767
540.0 109.33086311989058
541.0 107.37500665145596
542.0 109.90263389189994
543.0 108.69176473333248
544.0 109.15788209543136
545.0 110.9564920891324
546.0 109.90712948738668
547.0 110.25983887337988
548.0 112.06928770598239
549.0 112.59361667998438
550.0 110.68431408141868
551.0 113.23992254752564
552.0 113.55712694271568
553.0 113.55712694271568
554.0 115.48262193806653
555.0 113.93254233462109
556.0 114.63571148185937
557.0 116.66632360174341
558.0 116.11957174276185
559.0 115.55289304092443
560.0 117.34729139512464
561.0 117.8159764782718
562.0 118.17623454713552
563.0 120.65478577906096
564.0 121.40354328579687
565.0 119.98509002259244
566.0 119.91831806291012
567.0 118.15996640436644
568.0 119.56468670080227
569.0 121.40981252691998
570.0 120.59200105372537
571.0 120.59200105372537
572.0 122.94992824531985
573.0 122.08944835899155
574.0 122.69488607978145
575.0 124.53714530983628
576.0 123.70567407117193
577.0 123.7421744353883
578.0 125.968066864099
579.0 126.86739149410529
580.0 126.80979782657165
581.0 128.69270005579432
582.0 128.88835148003034
583.0 129.1535322239314
584.0 131.17781302061073
585.0 130.2901869681915
586.0 129.18038092441748
587.0 131.94442709956664
588.0 130.04086247259124
589.0 131.31363294994233
590.0 133.1233879967998
591.0 132.91787481208848
592.0 133.0662159175488
593.0 134.95880264508025
594.0 132.71855034862114
595.0 134.27947922747802
596.0 136.82946733029357
597.0 136.96038711266266
598.0 136.96038711266266
599.0 138.7335359322437
600.0 138.25661205802015
601.0 138.91096938187383
602.0 140.6691293651013
603.0 141.20270183182282
604.0 140.89253615259054
605.0 142.63433743183526
606.0 143.70401527648863
607.0 142.90313185764757
608.0 144.62722070934618
609.0 144.56767807120337
610.0 144.56767807120337
611.0 146.64581246244296
612.0 146.1028003868609
613.0 147.0034465200352
614.0 148.68812058477255
615.0 148.18345597109
616.0 149.08911896183088
617.0 150.75212956478933
618.0 149.92268118979712
619.0 151.2140007189526
620.0 153.0020307389323
621.0 151.41988739983455
622.0 151.9203677241939
623.0 154.93708298126938
624.0 154.25933531600353
625.0 155.4634411657461
626.0 157.0538973739662
627.0 157.33803303519528
628.0 157.62032697829346
629.0 159.18415661267164
630.0 161.12084749941027
631.0 159.92179973563026
632.0 161.74631009423004
633.0 162.00893092431733
634.0 162.3183681506909
635.0 163.4765891996763
636.0 162.31447548593212
637.0 164.15753414968793
638.0 165.63452643524383
639.0 164.79164981794202
640.0 166.65476225977238
641.0 167.79744047188836
642.0 168.62527703582958
643.0 168.62886466216275
644.0 169.96319677458766
645.0 169.1486934309733
646.0 170.20961199647243
647.0 171.63926151412167
648.0 172.2095154031088
649.0 172.78000811720443
650.0 174.2946861224898
651.0 174.8559312888001
652.0 174.8559312888001
653.0 175.95199513777266
654.0 176.7702444462219
655.0 176.7702444462219
656.0 178.24215035342206
657.0 177.9299124587626
658.0 178.71370086027724
659.0 180.1976161433095
660.0 180.97353580331026
661.0 180.13370878112352
662.0 179.9458286049964
663.0 179.7084353353706
664.0 179.23648388242594
665.0 178.5788158944239
666.0 177.7444066856998
667.0 174.79161888868725
668.0 173.83387057772757
669.0 170.08570051617264
670.0 167.63898020089098
671.0 169.2077446556699
672.0 169.91268739652315
673.0 169.8252508942606
674.0 171.51157357238358
675.0 172.8823181415197
676.0 173.5537215308409
677.0 175.02936725216748
678.0 176.34356402036886
679.0 176.69250863843615
680.0 178.33097405567364
681.0 179.89605513905218
682.0 179.11364306478856
683.0 180.4059104382293
684.0 180.69486347088719
685.0 181.7218951782325
686.0 183.0068715368942
687.0 184.40343422519345
688.0 184.13564737436707
689.0 185.3385432362474
690.0 185.34141126108653
691.0 186.48133351650193
692.0 187.66296050736156
693.0 187.67801266773807
694.0 188.209995629074
695.0 189.9778294310205
696.0 190.7441801374868
697.0 190.4046365286082
698.0 192.28086551107396
699.0 191.32542263190643
700.0 192.82047119454668
701.0 193.98289368216612
702.0 194.03249413736006
703.0 196.5080484548045
704.0 196.84236178670167
705.0 198.78823602946565
706.0 198.78823602946565
707.0 199.90127179597232
708.0 200.3568357112279
709.0 200.2914635643863
710.0 201.3294471923944
711.0 201.05086742072487
712.0 202.01164819926137
713.0 203.07255977857554
714.0 203.732147786435
715.0 204.4328131897093
716.0 205.23979465839008
717.0 207.03657875061873
718.0 206.92497913327352
719.0 207.8819151545094
720.0 207.31173345916298
721.0 207.44233662929645
722.0 209.5053149897791
723.0 210.60940715478912
724.0 210.44598997740653
725.0 212.10631283665109
726.0 212.91165250571353
727.0 212.91165250571353
728.0 213.83165155731191
729.0 214.2724848944582
730.0 214.6800827563684
731.0 216.1960598074994
732.0 215.2528235606654
733.0 216.00621307874403
734.0 218.18537289757822
735.0 217.3529162117735
736.0 218.70402659327416
737.0 220.13501570418813
738.0 222.14430053931636
739.0 222.31091065852846
740.0 222.7202906956933
741.0 223.45557405497664
742.0 223.2365483782124
743.0 223.90763526733102
744.0 224.493506635223
745.0 225.34987676740548
746.0 225.72688890382892
747.0 226.08662389802083
748.0 226.84549909354172
749.0 227.49902969105804
750.0 228.6011685273171
751.0 228.6011685273171
752.0 229.2223087400144
753.0 230.53556548974822
754.0 230.30652332084225
755.0 230.89502538233086
756.0 232.43995856970224
757.0 232.47668044059134
758.0 232.51552884863082
759.0 233.55443473760437
760.0 233.18593418592923
761.0 233.7578653133779
762.0 235.10412825412317
763.0 235.10412825412317
764.0 235.5935523944385
765.0 236.59191584650773
766.0 236.59191584650773
767.0 237.04803483632074
768.0 238.02150289577258
769.0 238.02150289577258
770.0 238.44423182471743
771.0 239.19208787969393
772.0 239.19208787969393
773.0 239.63069440452264
774.0 239.15674808380837
775.0 240.37494149985577
776.0 240.829333644624
777.0 241.84063275398591
778.0 241.6913569630467
779.0 242.7789229967089
780.0 242.39963984445004
781.0 243.13051944982197
782.0 243.41949864452042
783.0 243.1979159145942
784.0 243.55611166860325
785.0 243.86109068204712
786.0 244.59914400583963
787.0 244.59914400583963
788.0 245.5244509288899
789.0 245.90048412147786
790.0 246.28806289576784
791.0 246.47745422955012
792.0 245.02758038470643
793.0 247.206357913938
794.0 247.3628663782111
795.0 246.77432573923636
796.0 248.055977216165
797.0 248.17981357997934
798.0 248.48950374456408
799.0 248.83608233077342
800.0 248.92748960659776
801.0 247.40454121352178
802.0 249.06018230924172
803.0 249.16875512829915
804.0 248.62823132063966
805.0 248.62823132063966
806.0 248.80352302556724
807.0 249.4265274455763
808.0 250.11117876532768
809.0 249.85332501406808
810.0 251.21492107350713
811.0 250.5814160927133
812.0 250.59549256960767
813.0 250.9872870788211
814.0 251.22498657213606
815.0 251.6034083475637
816.0 250.5294151878659
817.0 251.28982226805414
818.0 251.92240195487065
819.0 252.29457271014348
820.0 252.29457271014348
821.0 252.16843090414997
822.0 252.73174722533315
823.0 252.96319999885372
824.0 252.3538603463591
825.0 252.79547814976394
826.0 253.44803377457282
827.0 253.31301114348778
828.0 253.2010678491602
829.0 252.67929917433793
830.0 252.46666319806093
831.0 250.7916521410594
832.0 252.26833716938341
833.0 252.2892173509817
834.0 253.27862761032958
835.0 252.31249818995954
836.0 252.09434693388533
837.0 251.55364820966182
838.0 251.42239724245655
839.0 251.40764159755508
840.0 250.28948115445752
841.0 250.7092973131635
842.0 250.48807387745612
843.0 249.86998219366689
844.0 250.38451958684965
845.0 251.49599795869153
846.0 250.03260371963847
847.0 251.45249172304142
848.0 251.0831059030039
849.0 252.34887122784284
850.0 251.58681631693298
851.0 250.59807747316245
852.0 250.5237104403961
853.0 250.902356228622
854.0 250.5356121816394
855.0 247.80337257864488
856.0 249.8518470373386
857.0 249.4135968665342
858.0 249.41823023468413
859.0 249.98035350890518
860.0 249.57003416861505
861.0 250.0924664249843
862.0 249.23774588547138
863.0 248.25387195679164
864.0 247.08190724462082
865.0 247.08190724462082
866.0 247.11010621217568
867.0 246.28036275145018
868.0 246.7235781228809
869.0 246.20476617860268
870.0 243.8030539760809
871.0 245.14114460969915
872.0 245.23210410321482
873.0 244.08754215689476
874.0 244.7469868173506
875.0 244.19307988604936
876.0 245.1993049821208
877.0 243.65881398628193
878.0 243.08871891856603
879.0 241.73979786189295
880.0 242.50546643682657
881.0 241.92011107170828
882.0 240.19827277271094
883.0 240.54627575673805
884.0 240.68840962033352
885.0 239.40164052093905
886.0 240.06022193874415
887.0 239.39483010506896
888.0 239.0042368077864
889.0 238.66607242184182
890.0 238.04064913272055
891.0 237.55534682945608
892.0 237.26403412024248
893.0 236.62720311641561
894.0 235.4746698026703
895.0 235.80313197593307
896.0 235.1558869567249
897.0 234.5269724979036
898.0 234.28480772295325
899.0 233.62815266506394
900.0 232.47299568388183
901.0 231.94308571466325
902.0 232.0455079307328
903.0 231.307966887274
904.0 231.7581420190653
905.0 230.6674279228986
906.0 227.63731031775967
907.0 229.4005607557947
908.0 228.72178729976298
909.0 227.15461665283516
910.0 227.76579052695269
911.0 226.98399151410916
912.0 225.97290953113875
913.0 226.64418138098125
914.0 226.00514526170863
915.0 225.15150683620084
916.0 224.82355266743593
917.0 224.18129012351494
918.0 221.4925792953153
919.0 222.18134109620757
920.0 221.48758024458274
921.0 220.2338974040661
922.0 220.26201870454292
923.0 219.56712904258484
924.0 219.67188204494883
925.0 218.3006114067055
926.0 217.60564393062438
927.0 216.29905487489455
928.0 216.29905487489455
929.0 215.60506065769385
930.0 213.01291446533722
931.0 213.01291446533722
932.0 213.19352861716115
933.0 211.19447055902387
934.0 212.1834329610055
935.0 211.49453360228566
936.0 210.35125879212828
937.0 210.0734292008715
938.0 209.388646413742
939.0 208.54494743176994
940.0 207.81668097062627
941.0 207.18637539219156
942.0 204.79369355596003
943.0 205.81663088440223
944.0 205.2984134698931
945.0 204.12043376981592
946.0 204.6501450665582
947.0 202.89351484564008
948.0 203.17649633006152
949.0 201.33439896567864
950.0 200.6764366794723
951.0 199.76898155816343
952.0 199.85272355189716
953.0 199.2533414707096
954.0 196.65479957437483
955.0 196.8157528932256
956.0 196.17731720100218
957.0 193.79002515460522
958.0 194.42545145501072
959.0 193.89971597643975
960.0 172.54520660591413
961.0 155.61730515603523
962.0 140.29889947851507
963.0 126.5857311365664
964.0 115.47922187060625
965.0 107.18551876243583
966.0 99.23895342314573
967.0 98.54316285200676
968.0 100.33101277281432
969.0 100.17709472464894
970.0 100.24405389462628
971.0 100.39475170741476
972.0 99.73068734097328
973.0 100.00000000000003
974.0 100.3947517074148
975.0 98.43565975162876
976.0 98.43565975162876
977.0 99.73263402330753
978.0 98.63540714434166
979.0 98.63540714434166
980.0 99.12872506130253
981.0 97.11630065143937
982.0 98.34076907494062
983.0 98.98185119539123
984.0 97.55037167029636
985.0 97.50646144972295
986.0 98.09785921139128
987.0 95.9489380727831
988.0 97.03178544459715
989.0 97.67191966362093
990.0 95.52498825810343
991.0 96.61761834903434
992.0 97.30622251423276
993.0 96.09868588983527
994.0 96.26436889595482
995.0 97.00112866216202
996.0 94.94897025038878
997.0 95.97238569992044
998.0 96.75693919820617
999.0 95.22968509044216
1000.0 94.99367525924393
1001.0 95.87493306919424
1002.0 94.10823302345622
1003.0 95.15623438983856
1004.0 96.45217703361637
1005.0 94.7925580939159
1006.0 94.7111221372473
1007.0 95.6857356314069
1008.0 93.24085594834864
1009.0 93.23434125416907
1010.0 95.44011599651714
1011.0 95.91731799329362
1012.0 95.80219917457707
1013.0 96.86797717633604
1014.0 95.75248600844806
1015.0 96.27139964959429
1016.0 97.43107199872446
1017.0 97.60118284053448
1018.0 97.25676480070308
1019.0 97.62487232940049
1020.0 95.59393538018882
1021.0 95.85678426794647
1022.0 97.01117581603259
1023.0 95.5805907800232
1024.0 96.5396949440769
1025.0 97.23246679994386
1026.0 96.34864646961522
1027.0 96.56755049120736
1028.0 97.59629345344894
1029.0 96.33574909574746
1030.0 97.2571567030443
1031.0 98.6923777033166
1032.0 98.45706477586049
1033.0 98.79787584967809
1034.0 100.01379564495022
1035.0 99.30859125590405
1036.0 99.38343760454336
1037.0 100.77227614021386
1038.0 100.20038133021524
1039.0 100.04991042668846
1040.0 99.7435135680066
1041.0 98.90556804871868
1042.0 100.0
1043.0 100.39475170741474
1044.0 99.87662569752595
1045.0 100.0
1046.0 100.39475170741473
1047.0 100.61649494758612
1048.0 100.0
1049.0 100.39475170741477
1050.0 100.3957985179094
1051.0 100.59998616950217
1052.0 101.04405749207643
1053.0 101.49525319742683
1054.0 102.04224249213848
1055.0 101.88632764521063
1056.0 102.12569968070493
1057.0 101.66911541890028
1058.0 102.16243333586122
1059.0 103.41745084678476
1060.0 102.5764171951207
1061.0 103.11886008525215
1062.0 101.75503317528091
1063.0 99.98864306186366
1064.0 99.96497065915739
1065.0 98.43382904240269
1066.0 100.6427038864
1067.0 101.08677520897426
1068.0 100.53378182061977
1069.0 100.69644587428996
1070.0 101.14051719686435
1071.0 100.33296550266489
1072.0 100.68333521825365
1073.0 100.39475170741473
1074.0 98.7435475603495
1075.0 99.37976942230273
1076.0 100.39475170741474
1077.0 100.53857291740368
1078.0 100.28556190269103
1079.0 100.39475170741474
1080.0 100.03880353335528
1081.0 99.5368437175952
1082.0 99.98091504016958
1083.0 97.41284965259729
1084.0 100.26344916977547
1085.0 100.70752049234976
1086.0 98.4927509361421
1087.0 98.75684371119321
1088.0 100.39475170741474
1089.0 100.27423244920148
1090.0 99.7910434576146
1091.0 99.92515768142813
1092.0 97.61207391392665
1093.0 98.02167666928497
1094.0 98.61363381656506
1095.0 96.3220975868227
1096.0 98.07492127888244
1097.0 98.71593037856003
1098.0 98.25570097587394
1099.0 98.25570097587394
1100.0 98.2684945448572
1101.0 97.39327352947888
1102.0 97.33741487187247
1103.0 97.9663525484404
1104.0 96.66845422628934
1105.0 96.82620682549691
1106.0 97.7387514519409
1107.0 95.87832943143799
1108.0 96.01744637350134
1109.0 97.78750512270612
1110.0 96.48046084048856
1111.0 96.00552480429981
1112.0 97.09907111452426
1113.0 96.75357274934258
1114.0 98.24511457295569
1115.0 100.17339917227257
1116.0 99.40112023871315
1117.0 99.63198904891792
1118.0 100.3947517074147
1119.0 100.14083040876368
1120.0 99.41692429557246
1121.0 100.39475170741474
1122.0 99.56299006571084
1123.0 100.0
1124.0 100.39475170741481
1125.0 100.248269241718
1126.0 99.54350774695781
1127.0 99.93412836981194
1128.0 99.01162645448568
1129.0 99.4722497920885
1130.0 100.39475170741476
1131.0 100.04934396342685
1132.0 100.0
1133.0 100.39475170741473
1134.0 99.14755810463947
1135.0 100.0
1136.0 100.39475170741474
1137.0 99.58036363253109
1138.0 100.0
1139.0 100.39475170741474
1140.0 99.86421149494068
1141.0 100.14480010370785
1142.0 99.78452171540249
1143.0 98.13223240442365
1144.0 98.74266809712458
1145.0 100.3947517074148
1146.0 100.32778592162828
1147.0 100.0
1148.0 100.39475170741477
1149.0 100.79762561727708
1150.0 100.0
1151.0 100.39475170741467
1152.0 100.72011429489051
1153.0 100.0
1154.0 100.3947517074148
1155.0 100.0
1156.0 100.0
1157.0 100.39475170741474
1158.0 98.71054925201399
1159.0 99.42481265254979
1160.0 99.8688839751241
1161.0 100.96912262654777
1162.0 99.99999999999999
1163.0 100.39475170741473
1164.0 101.05375922568169
1165.0 101.05375922568169
1166.0 101.03650509872443
1167.0 99.63080667871992
1168.0 100.6920768748187
1169.0 100.39475170741473
1170.0 98.73307171530699
1171.0 99.23999501542113
1172.0 99.68406633799543
1173.0 99.99999999999999
1174.0 99.99999999999999
1175.0 100.39475170741476
1176.0 99.978011396026
1177.0 100.0
1178.0 100.3947517074148
1179.0 99.96776628145946
1180.0 99.96776628145946
1181.0 100.39475170741474
1182.0 98.85535083694712
1183.0 100.0
1184.0 100.3947517074147
1185.0 100.62485344791533
1186.0 100.6765352984485
1187.0 100.39475170741477
1188.0 100.51756306805626
1189.0 99.99999999999999
1190.0 100.39475170741476
1191.0 99.8181832008253
1192.0 100.22793962510181
1193.0 100.39475170741474
1194.0 100.0
1195.0 100.0
1196.0 100.39475170741474
1197.0 99.76841076460283
1198.0 100.0
1199.0 100.3947517074148
1200.0 99.00253909942923
1201.0 100.0
1202.0 100.3947517074147
1203.0 98.26477043529043
1204.0 100.0
1205.0 100.39475170741473
1206.0 98.72363703592973
1207.0 100.0
1208.0 100.39475170741478
1209.0 100.41460794554632
1210.0 100.0
1211.0 100.39475170741476
1212.0 99.06262484595689
1213.0 99.24241532821289
1214.0 100.39475170741474
1215.0 99.20881250794402
1216.0 99.86317017251751
1217.0 100.39475170741471
1218.0 98.65058467723223
1219.0 99.67683400733968
1220.0 100.33590795119316
1221.0 98.55909240742483
1222.0 99.23773455572173
1223.0 99.8100800677475
1224.0 101.46720015840117
1225.0 99.99999999999999
1226.0 100.39475170741474
1227.0 99.46694329619741
1228.0 100.0
1229.0 100.39475170741474
1230.0 102.28667389589039
1231.0 102.15589397579495
1232.0 102.69860452868846
1233.0 103.8830418671904
1234.0 104.45822921464065
1235.0 105.14867955069381
1236.0 106.79731868604219
1237.0 105.29360397200486
1238.0 106.76381925275392
1239.0 107.50023059970498
1240.0 103.80611762097074
1241.0 103.79777303464188
1242.0 103.57979166438282
1243.0 104.15638423161062
1244.0 104.79651845063441
1245.0 103.71591623016872
1246.0 105.0609441686518
1247.0 105.89367934813417
1248.0 103.65754145203977
1249.0 102.75199200931135
1250.0 100.68686315950775
1251.0 101.66543286806842
1252.0 101.5834318036525
1253.0 101.22176759530826
1254.0 100.70275337566315
1255.0 100.0
1256.0 100.39475170741473
1257.0 100.0
1258.0 100.0
1259.0 100.39475170741476
1260.0 100.0
1261.0 100.0
1262.0 100.39475170741477
1263.0 99.0146294328041
1264.0 99.72543116075018
1265.0 100.39475170741476
1266.0 98.64762437887086
1267.0 100.0
1268.0 100.39475170741468
1269.0 100.69510092368795
1270.0 101.45191162098826
1271.0 101.84262823578106
1272.0 100.98052323550806
1273.0 100.99289630978431
1274.0 101.31723522509316
1275.0 101.2589943310817
1276.0 101.82164891127184
1277.0 102.87403475416568
1278.0 102.94828534819757
1279.0 102.08377653528812
1280.0 101.1927431562915
1281.0 100.0
1282.0 100.0
1283.0 100.39475170741476
1284.0 100.6110561240273
1285.0 100.0
1286.0 100.39475170741476
1287.0 99.42216665820672
1288.0 100.0
1289.0 100.39475170741477
1290.0 100.14840382622764
1291.0 100.0
1292.0 100.39475170741478
1293.0 99.0856785709983
1294.0 99.83733594632982
1295.0 100.28140726890416
1296.0 98.21955368355854
1297.0 100.0
1298.0 100.39475170741476
1299.0 99.5636572150571
1300.0 100.30632347663192
1301.0 100.3947517074147
1302.0 99.26296760691685
1303.0 99.26296760691685
1304.0 100.3947517074148
1305.0 98.93347707262858
1306.0 99.64272077469957
1307.0 100.3947517074148
1308.0 99.04059058038996
1309.0 100.0
1310.0 100.39475170741466
1311.0 101.51648034976307
1312.0 101.11450459927582
1313.0 101.17760297740082
1314.0 100.69340633228312
1315.0 100.0
1316.0 100.39475170741476
1317.0 99.49644569074256
1318.0 99.99999999999997
1319.0 100.39475170741477
1320.0 100.29457057522042
1321.0 100.00000000000001
1322.0 100.39475170741473
1323.0 99.90955067679982
1324.0 99.77807302474352
1325.0 100.39475170741474
1326.0 101.0254242114819
1327.0 100.0
1328.0 100.3947517074148
1329.0 99.62843320772133
1330.0 100.0
1331.0 100.39475170741474
1332.0 99.51501780349764
1333.0 100.15564646283164
1334.0 100.39475170741474
1335.0 100.07128963570833
1336.0 99.37280866497831
1337.0 99.81687998755262
1338.0 98.10802032898759
1339.0 98.80901757982168
1340.0 99.3023354967827
1341.0 98.83902511944467
1342.0 98.63068208552491
1343.0 99.57265076761784
1344.0 99.72873962788161
1345.0 99.20328251409781
1346.0 99.89324648531235
1347.0 100.11320996843338
1348.0 99.82524758352707
1349.0 100.98758607046227
1350.0 102.21061625395977
1351.0 102.81835715421315
1352.0 104.5599816044683
1353.0 104.68672346318786
1354.0 105.27985067683062
1355.0 106.78910665046106
1356.0 106.83029885398726
1357.0 105.03259379222787
1358.0 102.4385066789994
1359.0 101.35974761523028
1360.0 101.59307691968164
1361.0 100.39475170741477
1362.0 99.2951528551352
1363.0 98.5218434533076
1364.0 99.71931552270071
1365.0 99.50410940814102
1366.0 100.00000000000001
1367.0 100.39475170741476
1368.0 99.91959681207288
1369.0 100.0
1370.0 100.39475170741478
1371.0 100.06950914723284
1372.0 100.187958726739
1373.0 100.63203004931334
1374.0 99.48147269106113
1375.0 100.84998492260861
1376.0 101.39262245472896
1377.0 102.0857136083826
1378.0 100.63899344941069
1379.0 101.18143633954219
1380.0 101.15960294066107
1381.0 100.80483304362377
1382.0 101.24890436619809
1383.0 100.98821845706681
1384.0 100.8072834586732
1385.0 100.39475170741474
1386.0 100.83701681422566
1387.0 100.5501843195699
1388.0 100.39475170741476
1389.0 98.53243185413214
1390.0 100.0
1391.0 100.39475170741478
1392.0 99.47037263428376
1393.0 99.57214933912934
1394.0 100.77687148347262
1395.0 100.35753870502602
1396.0 100.0
1397.0 100.39475170741477
1398.0 100.04934396342685
1399.0 100.0
1400.0 100.39475170741473
1401.0 99.18035300700026
1402.0 100.0
1403.0 100.39475170741484
1404.0 99.39910457317518
1405.0 100.00000000000001
1406.0 100.39475170741474
1407.0 99.29964831401706
1408.0 100.0
1409.0 100.39475170741466
1410.0 100.04934396342684
1411.0 100.79454350128405
1412.0 100.69566546852607
1413.0 99.61081888725494
1414.0 100.0
1415.0 100.39475170741477
1416.0 99.82140433832504
1417.0 100.0
1418.0 100.39475170741474
1419.0 99.61039779209574
1420.0 100.39579722220053
1421.0 100.83986854477484
1422.0 98.83096837275723
1423.0 100.37387327408622
1424.0 100.81794459666057
1425.0 100.47100093215798
1426.0 99.06150437195268
1427.0 99.75466030047933
1428.0 99.0967218497477
1429.0 100.02055983444674
1430.0 100.39475170741474
1431.0 99.91558636313701
1432.0 100.0
1433.0 100.39475170741474
1434.0 99.17190963974518
1435.0 99.50222276841288
1436.0 99.94629409098724
1437.0 98.50148794417748
1438.0 98.86225727121167
1439.0 99.56575963711643
1440.0 97.88259205948691
1441.0 97.95607524978159
1442.0 99.60360993623632
1443.0 98.58306559395842
1444.0 99.55972503910446
1445.0 100.3947517074147
1446.0 100.32154284360806
1447.0 100.5534629796906
1448.0 100.32562174306818
1449.0 99.60097165033211
1450.0 100.23719351228534
1451.0 100.2815531406137
1452.0 99.07092359460654
1453.0 99.72014650031005
1454.0 100.26258939044158
1455.0 101.97307812718829
1456.0 101.19308734942607
1457.0 100.2687492074835
1458.0 98.37044154573412
1459.0 99.4451883259636
1460.0 100.3000265127439
1461.0 99.87926196958513
1462.0 99.51648126768032
1463.0 100.30372466319785
1464.0 98.77230950258432
1465.0 99.4793560082872
1466.0 100.41324819358671
1467.0 99.55479879051798
1468.0 99.54855315368958
1469.0 101.2404154019459
1470.0 101.76677712717631
1471.0 101.70921743642467
1472.0 102.93190278330772
1473.0 101.90571165750708
1474.0 102.4680701268175
1475.0 103.31441557180979
1476.0 103.31512700098502
1477.0 103.43825033396327
1478.0 104.80513454278487
1479.0 105.4715853705931
1480.0 105.1072544745763
1481.0 105.66329790371066
1482.0 106.05720674591045
1483.0 105.89526197709804
1484.0 104.00591610734843
1485.0 102.61854981546867
1486.0 101.97116715736709
1487.0 101.38679573483812
1488.0 101.27756374067341
1489.0 100.83903866450152
1490.0 101.43080116979252
1491.0 101.1263876470372
1492.0 101.21257622345325
1493.0 101.72884333925748
1494.0 100.48804792217163
1495.0 99.23460967250342
1496.0 100.64833182157706
1497.0 98.57003082730999
1498.0 99.75229813398835
1499.0 100.90422238351962
1500.0 100.99593187164851
#####################################################################
# End of data export. Simulation finished at: 2024-06-03T19:47+0000 #
#####################################################################
