#####################################################################
# Alchemist log file - simulation started at: 2024-06-03T12:07+0000 #
#####################################################################
#
# agentFrequency = 5.0, speed = 1.0, numberOfDrones = 1.0, seed = 59.0
#
# The columns have the following meaning: 
# time error 
0.0 6.84642370025336
0.0 6.84642370025336
1.0999999999999999 6.752526824882621
2.0000000000000004 6.683688783306377
3.0000000000000013 6.778918150581725
4.000000000000002 7.0359718069772414
5.099999999999998 7.453563590479852
6.099999999999994 7.771806352816282
7.099999999999991 7.799056902933228
8.099999999999987 7.853356574183218
9.099999999999984 7.907385207412069
10.09999999999998 7.934296968675342
11.099999999999977 7.987913568146359
12.099999999999973 8.041251879604395
13.09999999999997 8.067815789006971
14.099999999999966 8.120731357191959
15.099999999999962 8.173361604986772
16.09999999999996 8.199568871603262
17.099999999999973 8.251765983665072
18.09999999999997 8.303670948452998
19.0 8.329513038280032
20.000000000000014 8.380974774888827
21.00000000000003 8.43213773218564
22.000000000000043 8.457606354824991
23.000000000000057 8.508316276533266
24.00000000000007 8.558720972374948
25.000000000000085 8.583808069324851
26.0000000000001 8.63375019403156
27.000000000000114 8.683380823562752
28.000000000000128 8.708078557915423
29.000000000000142 8.75723734103286
30.000000000000156 8.806078529658722
31.00000000000017 8.830379277029841
32.000000000000185 8.878739594019558
33.0000000000002 8.926776380806176
34.00000000000021 8.950672721345535
35.00000000000023 8.998219852334493
36.00000000000024 9.045437675384973
37.000000000000256 9.068922386737617
38.00000000000027 9.115642002963904
39.000000000000284 9.162026686533263
40.0000000000003 9.185092737637493
41.00000000000031 9.23097088950772
42.00000000000033 9.276508632650321
43.00000000000034 9.29914917827364
44.000000000000355 9.344172284842038
45.00000000000037 9.388849651411702
46.000000000000384 9.411058027338342
47.0000000000004 9.455212867041698
48.00000000000041 9.499016776887247
49.000000000000426 9.520786495681758
50.00000000000044 9.56406019818498
51.000000000000455 9.6069779194035
52.00000000000047 9.62830266668419
53.00000000000048 9.670682705709185
54.0000000000005 9.712701847836113
55.00000000000051 9.733575479000198
56.000000000000526 9.775049666026172
57.00000000000054 9.816158174055891
58.000000000000554 9.836574711405197
59.00000000000057 9.877131190141881
60.00000000000058 9.917317339285175
61.0000000000006 9.937270969507304
62.00000000000061 9.976898211054182
63.000000000000625 10.016150602149862
64.00000000000064 10.035635674114971
65.00000000000058 10.074322472729742
66.00000000000053 10.11263002823731
67.00000000000047 10.131641051075269
68.00000000000041 10.169376520483576
69.00000000000036 10.206728480992172
70.0000000000003 10.225260122418861
71.00000000000024 10.26203369260497
72.00000000000018 10.298419613801112
73.00000000000013 10.31646669866611
74.00000000000007 10.352268113091032
75.00000000000001 10.387677863134044
76.09999999999995 10.405235372165066
77.0999999999999 10.440054685364448
78.09999999999984 10.474478442624125
79.09999999999978 10.491541511346215
80.09999999999972 10.525369086865565
81.09999999999967 10.558797337981474
82.09999999999961 10.575361255791371
83.09999999999955 10.60818776442072
84.0999999999995 10.640611302646947
85.09999999999944 10.656671512025124
86.09999999999938 10.688487930299262
87.09999999999933 10.719897854102216
88.09999999999927 10.735449949946894
89.09999999999921 10.766247558880885
90.09999999999916 10.796635270761147
91.0999999999991 10.811674999830299
92.09999999999904 10.841445383863103
93.09999999999899 10.870802589375321
94.09999999999893 10.885325849824055
95.09999999999887 10.914060895945886
96.09999999999881 10.942379602893375
97.09999999999876 10.95638244389539
98.0999999999987 10.98407434093693
99.09999999999864 11.01134685872
100.09999999999859 11.024825480162963
101.09999999999853 11.051466718226736
102.09999999999847 11.077685657325855
103.09999999999842 11.09063640957157
104.09999999999836 11.116219779587743
105.0999999999983 11.141378051164565
106.09999999999825 11.15379743486565
107.09999999999819 11.178316028256319
108.09999999999813 11.20240684385722
109.09999999999808 11.214291509822923
110.09999999999802 11.237738718260434
111.09999999999796 11.260755589608772
112.0999999999979 11.272102338713188
113.09999999999785 11.294471853959562
114.09999999999779 11.316408592824152
115.09999999999773 11.3272143759508
116.09999999999768 11.348500189766469
117.09999999999762 11.369350907895047
118.09999999999756 11.379612825912359
119.09999999999751 11.399809230023655
120.09999999999745 11.41956833913113
121.0999999999974 11.429283642893893
122.09999999999734 11.448385229009709
123.09999999999728 11.46704744081202
124.09999999999722 11.476213531184348
125.09999999999717 11.494215191053343
126.09999999999711 11.511775517338627
127.09999999999705 11.520389945234408
128.099999999997 11.537286870734896
129.09999999999695 11.553740623464492
130.0999999999969 11.561801089901698
131.09999999999684 11.577588773157263
132.09999999999678 11.592931564589744
133.09999999999673 11.600435920755325
134.09999999999667 11.615110154269727
135.0999999999966 11.629337897101937
136.09999999999656 11.636284144424339
137.0999999999965 11.649841021230062
138.09999999999644 11.662949928749624
139.09999999999638 11.669336218976293
140.09999999999633 11.681772132791556
141.09999999999627 11.693758719035959
142.09999999999621 11.699583354313447
143.09999999999616 11.710894999703104
144.0999999999961 11.72175607962098
145.09999999999604 11.727017512575518
146.099999999996 11.737201885111714
147.09999999999593 11.746934574722362
148.09999999999587 11.751631408539021
149.09999999999582 11.76068580495798
150.09999999999576 11.769287521505644
151.0999999999957 11.773418510004397
152.09999999999565 11.781340528356074
153.0999999999956 11.78880899045597
154.09999999999553 11.792373038163184
155.09999999999548 11.799160577950975
156.09999999999542 11.80549380572429
157.09999999999536 11.808489967938359
158.0999999999953 11.814141230246404
159.09999999999525 11.81933754544203
160.0999999999952 11.82176502829205
161.09999999999513 11.82627851589801
162.09999999999508 11.830336541998998
163.09999999999502 11.83219470249554
164.09999999999496 11.835569219967072
165.0999999999949 11.838487882280155
166.09999999999485 11.839776228357355
167.0999999999948 11.842010882130841
168.09999999999474 11.843789407857727
169.09999999999468 11.84450759840609
170.09999999999462 11.845601796846449
171.09999999999457 11.846239715135816
172.0999999999945 11.846387560025246
173.09999999999445 11.846341013465999
174.0999999999944 11.845838155445493
175.09999999999434 11.845415615538235
176.09999999999428 11.844228336301251
177.09999999999422 11.842584835089005
178.09999999999417 11.841592022242313
179.0999999999941 11.839264324636977
180.09999999999405 11.836480615332517
181.099999999994 11.834917792391037
182.09999999999394 11.831450292692816
183.09999999999388 11.827527112347493
184.09999999999383 11.825394693125414
185.09999999999377 11.820788309534166
186.0999999999937 11.815726697101475
187.09999999999366 11.813025246354757
188.0999999999936 11.807281198933326
189.09999999999354 11.801082495199871
190.09999999999349 11.797812728588891
191.09999999999343 11.790932539182903
192.09999999999337 11.783598386680953
193.09999999999332 11.779761170724147
194.09999999999326 11.771746662864127
195.0999999999932 11.76327900576709
196.09999999999314 11.75887535778627
197.0999999999931 11.74972865657362
198.09999999999303 11.740129740576032
199.09999999999297 11.735160828634234
200.09999999999292 11.724884360612831
201.09999999999286 11.71415673279679
202.0999999999928 11.708623875629673
203.09999999999275 11.69722036864525
204.0999999999927 11.685366877335586
205.09999999999263 11.679271544277558
206.09999999999258 11.666744027327354
207.09999999999252 11.653767821938166
208.09999999999246 11.647111632844645
209.0999999999924 11.63346343592018
210.09999999999235 11.619367966795759
211.0999999999923 11.612152691963097
212.09999999999224 11.597387445889355
213.09999999999218 11.582176464142917
214.09999999999212 11.57440402422781
215.09999999999206 11.558525660502493
216.099999999992 11.54220321785662
217.09999999999195 11.533875683796973
218.0999999999919 11.516888434433998
219.09999999999184 11.499458883067096
220.09999999999178 11.490578476006606
221.09999999999172 11.472486873388481
222.09999999999167 11.453954865792117
223.0999999999916 11.444523957011079
224.09999999999155 11.42533283375533
225.0999999999915 11.405703322607874
226.09999999999144 11.395724433462997
227.09999999999138 11.37543892230843
228.09999999999133 11.35471716037099
229.09999999999127 11.344192962247332
230.0999999999912 11.322818495966512
231.09999999999116 11.301010036007867
232.0999999999911 11.289943350286327
233.09999999999104 11.267485661631397
234.09999999999098 11.244596356389287
235.09999999999093 11.23299015443348
236.09999999999087 11.209455276123167
237.0999999999908 11.185491278310195
238.09999999999076 11.173348681476913
239.0999999999907 11.14874294623347
240.09999999999064 11.123710708596635
241.0999999999906 11.111034988274605
242.09999999999053 11.085365028920311
243.09999999999047 11.059271304364268
244.09999999999042 11.046065882046372
245.09999999999036 11.019338631670276
246.0999999999903 10.99219047345544
247.09999999999025 10.978458920850121
248.0999999999902 10.950681613056883
249.09999999999013 10.922486375084675
250.09999999999008 10.908232414272913
251.09999999999002 10.879412583526815
252.09999999998996 10.85017792072575
253.0999999999899 10.835405424370615
254.09999999998985 10.805550906449298
255.0999999999898 10.775284775276997
256.09999999998973 10.759997766893608
257.09999999998996 10.729116699467596
258.0999999999902 10.697827358545558
259.0999999999904 10.682030012840109
260.09999999999064 10.650130836196054
261.09999999999087 10.6178268470958
262.0999999999911 10.601523490383245
263.0999999999913 10.5686149483107
264.09999999999155 10.535305176512026
265.0999999999918 10.51850028722316
266.099999999992 10.484591428086985
267.09999999999224 10.450285044131356
268.09999999999246 10.432983253421158
269.0999999999927 10.398083431444165
270.0999999999929 10.362789912308939
271.09999999999314 10.344996004779448
272.0999999999931 10.30911488156264
273.09999999999303 10.272844012284741
274.099999999993 10.25456292683727
275.0999999999929 10.217710473148305
276.09999999999286 10.180472348729307
277.0999999999928 10.161709179562482
278.09999999999275 10.123895677426487
279.0999999999927 10.085700705054858
280.09999999999263 10.06646070282702
281.0999999999926 10.027696747958043
282.0999999999925 9.988555649588536
283.09999999999246 9.968844222765151
284.0999999999924 9.92914072738106
285.09999999999235 9.889064542716167
286.0999999999923 9.868887259125502
287.09999999999224 9.828255455194451
288.0999999999922 9.787255545118269
289.0999999999921 9.766618133741417
290.09999999999206 9.725069576713947
291.099999999992 9.68315762723515
292.09999999999195 9.662065980259767
293.0999999999919 9.619612553347386
294.09999999999184 9.576800580115178
295.0999999999918 9.555260755286028
296.0999999999917 9.511914674354967
297.09999999999167 9.468215027820044
298.0999999999916 9.446233251123765
299.09999999999155 9.402007070281423
300.0999999999915 9.357432441583482
301.09999999999144 9.33501511030979
302.00000000000017 9.289921728271688
303.0000000000004 9.244485155945721
304.0000000000006 9.221638842173025
305.00000000000085 9.175691509509772
306.0000000000011 9.129406387115896
307.0000000000013 9.106137841675674
308.00000000000153 9.05935016905304
309.00000000000176 9.012230253848877
310.000000000002 8.988546410830702
311.0000000000022 8.940932378371485
312.00000000000244 8.892991801162708
313.0000000000027 8.868899783030486
314.0000000000029 8.820473750944881
315.0000000000031 8.771727027268723
316.00000000000335 8.747234150668616
317.0000000000036 8.698010871320903
318.0000000000038 8.6484729141396
319.00000000000404 8.623586696491872
320.00000000000426 8.573581328095388
321.0000000000045 8.523267462202506
322.0000000000047 8.49799562918296
323.00000000000495 8.447223751343865
324.0000000000052 8.396149729716477
325.0000000000054 8.370500223749023
326.0000000000056 8.318977855112303
327.00000000000585 8.267159877477368
328.0000000000061 8.241140867377684
329.0000000000063 8.188884485667673
330.00000000000654 8.136339219592106
331.00000000000676 8.109959111523992
332.000000000007 8.056985676317076
333.0000000000072 8.003730281179529
334.00000000000745 7.976997731111003
335.0000000000077 7.923324709731558
336.0000000000079 7.86937686399091
337.00000000000813 7.842300791867051
338.00000000000836 7.787946188860678
339.0000000000086 7.733324121103532
340.0000000000088 7.705913726988409
341.00000000000904 7.650896117700887
342.00000000000927 7.595618642029992
343.0000000000095 7.567883424511913
344.0000000000097 7.512221993390468
345.00000000000995 7.4563085498104185
346.0000000000102 7.428258327014493
347.0000000000104 7.371972911352748
348.00000000001063 7.315443611921584
349.00000000001086 7.287088545532677
350.0000000000111 7.230199685505484
351.0000000000113 7.173075367154823
352.00000000001154 7.1444259899247236
353.00000000001177 7.086954985908057
354.000000000012 7.02925727099462
355.0000000000122 7.000324518291696
356.00000000001245 6.942293496641544
357.0000000000127 6.884044862484959
358.0000000000129 6.854840108546196
359.00000000001313 6.796272097224792
360.00000000001336 6.737495956117783
361.0000000000136 6.708031055785093
362.0000000000138 6.648950071481493
363.00000000001404 6.58967086293715
364.00000000001427 6.559958199807443
365.0000000000145 6.500389348511552
366.0000000000147 6.44063264584955
367.00000000001495 6.410685187946476
368.0000000000152 6.350654781314076
369.0000000000154 6.290447415096414
370.00000000001563 6.260278779388388
371.00000000001586 6.1998144696942585
372.0000000000161 6.139184671018338
373.0000000000163 6.108809198371082
374.00000000001654 6.047940135407143
375.00000000001677 5.9869177026701195
376.000000000017 5.9563505451437955
377.0000000000172 5.895107559102694
378.00000000001745 5.833724052592166
379.0000000000177 5.802981275386733
380.0000000000179 5.741397090608223
381.00000000001813 5.679686060181954
382.00000000001836 5.64878476101688
383.0000000000186 5.586894246500851
384.0000000000188 5.524891498732967
385.00000000001904 5.493849948040255
386.00000000001927 5.431690411891747
387.0000000000195 5.369434324433479
388.0000000000197 5.338272130472077
389.00000000001995 5.275883666996557
390.0000000000202 5.213415559587208
391.0000000000204 5.182153863485154
392.00000000002063 5.119579763564869
393.00000000002086 5.05694433720803
394.0000000000211 5.025606044045008
395.0000000000213 4.962893281783752
396.00000000002154 4.900139140164533
397.00000000002177 4.868749193570178
398.000000000022 4.80594900509361
399.0000000000222 4.743129275462189
400.00000000002245 4.711714984879574
401.0000000000227 4.648883558739233
402.0000000000229 4.586056633347012
403.00000000002314 4.554648065160968
404.00000000002336 4.491847368142783
405.0000000000236 4.429077792025939
406.0000000000238 4.397708238250168
407.00000000002404 4.335007005671014
408.0000000000243 4.272366542267841
409.0000000000245 4.241073083489867
410.0000000000247 4.178548009404586
411.00000000002495 4.116116922280437
412.0000000000252 4.084941105128105
413.0000000000254 4.022678275341409
414.00000000002564 3.9605468722190476
415.00000000002586 3.9295355257386113
416.0000000000261 3.8676321450803335
417.0000000000263 3.8059026393135995
418.00000000002655 3.7751088592408815
419.0000000000268 3.7136753339320827
420.000000000027 3.65246408807833
421.0000000000272 3.6219484227506604
422.00000000002746 3.56111086811125
423.0000000000277 3.500551093321482
424.0000000000279 3.4703829692771575
425.00000000002814 3.410286220912566
426.00000000002836 3.3505312123886277
427.0000000000286 3.3207906402736938
428.0000000000288 3.2616018501888626
429.00000000002905 3.202828839087949
430.0000000000293 3.1736084390382806
431.0000000000295 3.1155213314066454
432.00000000002973 3.057936020508861
433.00000000002996 3.029343396717564
434.0000000000302 2.9725832319662406
435.0000000000304 2.9164250447791584
436.00000000003064 2.888585514919907
437.00000000003087 2.833414750235401
438.0000000000311 2.778962742871021
439.0000000000313 2.7520223791375824
440.00000000003155 2.698746895194231
441.0000000000318 2.6463261302712136
442.000000000032 2.620454980009644
443.00000000003223 2.56943053471277
444.00000000003246 2.519418460012938
445.0000000000327 2.4948136656937683
446.0000000000329 2.4464518950748078
447.00000000003314 2.39928386481829
448.00000000003337 2.376172174869513
449.0000000000336 2.330944950839603
450.0000000000338 2.2871174440583784
451.00000000003405 2.2657562876598925
452.0000000000343 2.2241965564443738
453.0000000000345 2.1842659071937014
454.00000000003473 2.164941822679345
455.00000000003496 2.1276382734176527
456.0000000000352 2.09221198012756
457.0000000000354 2.075234840658506
458.00000000003564 2.042817162297113
459.00000000003587 2.012534460248524
460.0000000000361 1.998225858764326
461.0000000000363 1.971337472680001
462.00000000003655 1.9468364774233806
463.0000000000368 1.9355111699547232
464.000000000037 1.9147679248804197
465.00000000003723 1.896639034684417
466.00000000003746 1.8885798445410544
467.0000000000377 1.874516800212044
468.0000000000379 1.8632464756707439
469.00000000003814 1.8586755279183798
470.00000000003837 1.851689238865497
471.0000000000386 1.8476037395288019
472.0000000000388 1.8466555565294192
473.00000000003905 1.8469541303061834
474.0000000000393 1.8501765758362778
475.0000000000395 1.852879883301798
476.00000000003973 1.8604542682742282
477.00000000003996 1.8708873270459423
478.0000000000402 1.8771609801901166
479.0000000000404 1.8917862506528216
480.00000000004064 1.9091258757971732
481.00000000004087 1.9187901954426274
482.0000000000411 1.9400564265813527
483.0000000000413 1.963832318062161
484.00000000004155 1.9766323174990286
485.0000000000418 2.003995685614263
486.000000000042 2.033626707678554
487.00000000004223 2.049260719324182
488.00000000004246 2.082101259808312
489.0000000000427 2.1169522687738667
490.0000000000429 2.1350994796321547
491.00000000004314 1.9481586083146742
492.00000000004337 1.9034159800519321
493.0000000000436 2.289928215751712
494.0000000000438 2.52826439608424
495.00000000004405 2.5280908189899933
496.0000000000443 2.5
497.0000000000445 2.5
498.00000000004474 2.527637718177044
499.00000000004496 2.5
500.0000000000452 2.527352859553761
501.0000000000454 2.5271575978501755
502.00000000004565 2.5
503.0000000000459 2.5
504.0000000000461 2.52665091656731
505.0000000000463 2.5
506.00000000004655 2.52633435891393
507.0000000000468 2.526118158534806
508.000000000047 2.5
509.00000000004724 2.5
510.00000000004746 2.525559833189853
511.0000000000477 2.5
512.0000000000479 2.525212786894015
513.0000000000481 2.524976474760038
514.0000000000483 2.5
515.0000000000485 2.5
516.0000000000488 2.5243686418001423
517.000000000049 2.5
518.0000000000492 2.5239924355499173
519.0000000000495 2.523736916706564
520.0000000000497 2.5
521.0000000000499 2.5
522.0000000000501 2.5230819052094526
523.0000000000504 2.499999999999999
524.0000000000506 2.5226779813754
525.0000000000508 2.522404235842896
526.000000000051 2.500000000000001
527.0000000000513 2.5
528.0000000000515 2.521704559393379
529.0000000000517 2.5
530.000000000052 2.5212744689854714
531.0000000000522 2.5209835483268708
532.0000000000524 2.5
533.0000000000526 2.5
534.0000000000529 2.520241896194784
535.0000000000531 2.5
536.0000000000533 2.5197872934045265
537.0000000000535 2.519480317019148
538.0000000000538 2.5
539.000000000054 2.5
540.0000000000542 2.5186995446573657
541.0000000000545 2.499999999999999
542.0000000000547 2.518222180996712
543.0000000000549 2.5179003321468776
544.0000000000551 2.5
545.0000000000554 2.499999999999999
546.0000000000556 2.517083451030155
547.0000000000558 2.5
548.000000000056 2.5165851690803667
549.0000000000563 2.516249690660411
550.0000000000565 2.5
551.0000000000567 2.5
552.000000000057 2.5153998574884473
553.0000000000572 2.5
554.0000000000574 2.5148825842735048
555.0000000000576 2.5145347743310977
556.0000000000579 2.5
557.0000000000581 2.5
558.0000000000583 2.5136552796217537
559.0000000000585 2.500000000000001
560.0000000000588 2.5131210196225355
561.000000000059 2.512762226643413
562.0000000000592 2.499999999999999
563.0000000000595 2.499999999999999
564.0000000000597 2.51185648274485
565.0000000000599 2.5
566.0000000000601 2.511307310572045
567.0000000000604 2.5109389285403756
568.0000000000606 2.5
569.0000000000608 2.499999999999999
570.000000000061 2.510010457093778
571.0000000000613 2.499999999999999
572.0000000000615 2.5094485098392365
573.0000000000617 2.509071973087069
574.000000000062 2.500000000000001
575.0000000000622 2.499999999999999
576.0000000000624 2.508124391974585
577.0000000000626 2.499999999999999
578.0000000000629 2.507551861262621
579.0000000000631 2.5071686391231385
580.0000000000633 2.5
581.0000000000636 2.5
582.0000000000638 2.5062056489388596
583.000000000064 2.5
584.0000000000642 2.5056247727009815
585.0000000000645 2.505236363981434
586.0000000000647 2.5
587.0000000000649 2.5
588.0000000000651 2.504261734066416
589.0000000000654 2.5
590.0000000000656 2.5036747880648385
591.0000000000658 2.5032827153564337
592.000000000066 2.5
593.0000000000663 2.5
594.0000000000665 2.5023002694419696
595.0000000000667 2.5
596.000000000067 2.5017095585692486
597.0000000000672 2.501315362412559
598.0000000000674 2.500000000000001
599.0000000000676 2.499999999999999
600.0000000000679 2.5003289639192348
601.0000000000681 2.5
602.0000000000683 2.499736813303301
603.0000000000686 2.499342046229013
604.0000000000688 2.500000000000001
605.000000000069 2.499999999999999
606.0000000000692 2.498355583272343
607.0000000000695 2.499999999999999
608.0000000000697 2.4977643292181884
609.0000000000699 2.4973705496843643
610.0000000000701 2.499999999999999
611.0000000000704 2.5
612.0000000000706 2.4963879198409464
613.0000000000708 2.5
614.000000000071 2.4957999006421248
615.0000000000713 2.4954086668903783
616.0000000000715 2.499999999999999
617.0000000000717 2.5
618.000000000072 2.494433761781734
619.0000000000722 2.5
620.0000000000724 2.493851308436639
621.0000000000726 2.4934641722908584
622.0000000000729 2.500000000000001
623.0000000000731 2.500000000000001
624.0000000000733 2.4925008620450018
625.0000000000736 2.500000000000001
626.0000000000738 2.4919262889147022
627.000000000074 2.4915447895471
628.0000000000742 2.5
629.0000000000745 2.499999999999999
630.0000000000747 2.490596907200777
631.0000000000749 2.5
632.0000000000751 2.4900325026467773
633.0000000000754 2.489658160337104
634.0000000000756 2.499999999999999
635.0000000000758 2.500000000000001
636.000000000076 2.4887294862441856
637.0000000000763 2.5
638.0000000000765 2.4881775032859608
639.0000000000767 2.487811813200708
640.000000000077 2.5
641.0000000000772 2.5
642.0000000000774 2.4869060595144954
643.0000000000776 2.5
644.0000000000779 2.4863687065480113
645.0000000000781 2.486013132567232
646.0000000000783 2.499999999999999
647.0000000000786 2.500000000000001
648.0000000000788 2.4851339278664764
649.000000000079 2.5
650.0000000000792 2.484613359485957
651.0000000000795 2.4842693281060577
652.0000000000797 2.5
653.0000000000799 2.499999999999999
654.0000000000801 2.4834202022360548
655.0000000000804 2.5
656.0000000000806 2.4829185102021016
657.0000000000808 2.4825874045434735
658.0000000000811 2.499999999999999
659.0000000000813 2.5
660.0000000000815 2.4817717737447786
661.0000000000817 2.5
662.000000000082 2.481290978142634
663.0000000000822 2.480974132091389
664.0000000000824 2.499999999999999
665.0000000000827 2.5
666.0000000000829 2.480195284489389
667.0000000000831 2.5
668.0000000000833 2.479737325121353
669.0000000000836 2.4794360176344727
670.0000000000838 2.5
671.000000000084 2.499999999999999
672.0000000000842 2.4786970991633615
673.0000000000845 2.5
674.0000000000847 2.4782638272194255
675.0000000000849 2.477979276822744
676.0000000000852 2.5
677.0000000000854 2.5
678.0000000000856 2.477283277656943
679.0000000000858 2.5
680.0000000000861 2.47687644770737
681.0000000000863 2.4766098072153393
682.0000000000865 2.500000000000001
683.0000000000867 2.5
684.000000000087 2.4759595487806827
685.0000000000872 2.500000000000001
686.0000000000874 2.4755808111334607
687.0000000000877 2.475333162619369
688.0000000000879 2.5
689.0000000000881 2.5
690.0000000000883 2.4747312852547063
691.0000000000886 2.5
692.0000000000888 2.474382178719973
693.000000000089 2.474154528764229
694.0000000000892 2.5
695.0000000000895 2.5
696.0000000000897 2.473603480102084
697.0000000000899 2.5
698.0000000000902 2.4732854252040504
699.0000000000904 2.4730787004473855
700.0000000000906 2.5
701.0000000000908 2.5
702.0000000000911 2.47258072457958
703.0000000000913 2.5
704.0000000000915 2.4722950172546385
705.0000000000917 2.47211006028174
706.000000000092 2.5
707.0000000000922 2.5
708.0000000000924 2.471667187772494
709.0000000000927 2.5
710.0000000000929 2.4714149935901997
711.0000000000931 2.471252559167763
712.0000000000933 2.5
713.0000000000936 2.5
714.0000000000938 2.4708665979727766
715.000000000094 2.5
716.0000000000942 2.4706489469138586
717.0000000000945 2.4705096986053476
718.0000000000947 2.5
719.0000000000949 2.5
720.0000000000952 2.4701822259510506
721.0000000000954 2.5
722.0000000000956 2.470000007773551
723.0000000000958 2.4698845149509925
724.0000000000961 2.5
725.0000000000963 2.5
726.0000000000965 2.4696168702228043
727.0000000000967 2.5
728.000000000097 2.4694708304445308
729.0000000000972 2.469379565715466
730.0000000000974 2.5
731.0000000000977 2.5000000000000004
732.0000000000979 2.4691728443984706
733.0000000000981 2.5
734.0000000000983 2.4690635809203414
735.0000000000986 2.4689969179857845
736.0000000000988 2.5
737.000000000099 2.5
738.0000000000992 2.468851966695108
739.0000000000995 2.5
740.0000000000997 2.4687799270861497
741.0000000000999 2.468738139042752
742.0000000001002 2.5
743.0000000001004 2.5000000000000004
744.0000000001006 2.468655551674473
745.0000000001008 2.5
746.0000000001011 2.4686210311355334
747.0000000001013 2.4686042892325206
748.0000000001015 2.5
749.0000000001017 2.4999999999999996
750.000000000102 2.468584404259168
751.0000000001022 2.4999999999999996
752.0000000001024 2.4685875442779173
753.0000000001027 2.468595917136698
754.0000000001029 2.5
755.0000000001031 2.4999999999999996
756.0000000001033 2.468638816064237
757.0000000001036 2.5
758.0000000001038 2.468679603770006
759.000000000104 2.468713057071174
760.0000000001043 2.5000000000000004
761.0000000001045 2.5000000000000004
762.0000000001047 2.468818564067326
763.0000000001049 2.5
764.0000000001052 2.4688968322897953
765.0000000001054 2.4689552289297043
766.0000000001056 2.5
767.0000000001058 2.5
768.0000000001061 2.4691229116257616
769.0000000001063 2.4999999999999996
770.0000000001065 2.4692383396571977
771.0000000001068 2.4693214403729256
772.000000000107 2.5
773.0000000001072 2.5
774.0000000001074 2.469550611834155
775.0000000001077 2.5
776.0000000001079 2.4697027268902945
777.0000000001081 2.4698101913492287
778.0000000001083 2.5
779.0000000001086 2.5
780.0000000001088 2.470099913201403
781.000000000109 2.5
782.0000000001093 2.4702880925718773
783.0000000001095 2.4704194809190043
784.0000000001097 2.5
785.0000000001099 2.5
786.0000000001102 2.4707685676115143
787.0000000001104 2.5
788.0000000001106 2.4709920414863933
789.0000000001108 2.4711468163396053
790.0000000001111 2.5
791.0000000001113 2.5
792.0000000001115 2.4715538405185598
793.0000000001118 2.5
794.000000000112 2.471811695473401
795.0000000001122 2.4719892243545067
796.0000000001124 2.5
797.0000000001127 2.5
798.0000000001129 2.4724525233126364
799.0000000001131 2.5
800.0000000001133 2.472743706430515
801.0000000001136 2.4729432646169776
802.0000000001138 2.5
803.000000000114 2.5
804.0000000001143 2.473460947780635
805.0000000001145 2.5
806.0000000001147 2.4737842713861
807.0000000001149 2.4740050451660447
808.0000000001152 2.5
809.0000000001154 2.5
810.0000000001156 2.47457500257405
811.0000000001158 2.5
812.0000000001161 2.474929149550201
813.0000000001163 2.4751702398612356
814.0000000001165 2.5
815.0000000001168 2.5
816.000000000117 2.4757901515844334
817.0000000001172 2.5
818.0000000001174 2.476173681241518
819.0000000001177 2.4764341076715133
820.0000000001179 2.5
821.0000000001181 2.5
822.0000000001183 2.4771014541174896
823.0000000001186 2.5
824.0000000001188 2.4775128085784153
825.000000000119 2.477791513704932
826.0000000001193 2.5
827.0000000001195 2.5
828.0000000001197 2.4785035867476597
829.0000000001199 2.5
830.0000000001202 2.47894109781342
831.0000000001204 2.479236951856686
832.0000000001206 2.5
833.0000000001208 2.5
834.0000000001211 2.4799908667273143
835.0000000001213 2.5
836.0000000001215 2.4804527631832602
837.0000000001218 2.48076456894633
838.000000000122 2.5
839.0000000001222 2.5
840.0000000001224 2.4815572768181604
841.0000000001227 2.5
842.0000000001229 2.482041692140271
843.0000000001231 2.4823681902089
844.0000000001234 2.5
845.0000000001236 2.5
846.0000000001238 2.4831964914070968
847.000000000124 2.5
848.0000000001243 2.4837014718260955
849.0000000001245 2.484041346000056
850.0000000001247 2.5
851.0000000001249 2.5
852.0000000001252 2.4849019037647158
853.0000000001254 2.5
854.0000000001256 2.485425416644841
855.0000000001259 2.4857772995717125
856.0000000001261 2.5
857.0000000001263 2.5
858.0000000001265 2.486666654301712
859.0000000001268 2.5
860.000000000127 2.4872065967904198
861.0000000001272 2.4875690757726563
862.0000000001274 2.5
863.0000000001277 2.5
864.0000000001279 2.4884836596769246
865.0000000001281 2.5
866.0000000001284 2.489037867581324
867.0000000001286 2.489409490527202
868.0000000001288 2.5
869.000000000129 2.5
870.0000000001293 2.490345642609932
871.0000000001295 2.5
872.0000000001297 2.4909118994561057
873.00000000013 2.4912911809452054
874.0000000001302 2.5
875.0000000001304 2.5
876.0000000001306 2.492245162252004
877.0000000001309 2.5
878.0000000001311 2.492821208483426
879.0000000001313 2.4932066359176557
880.0000000001315 2.5
881.0000000001318 2.5
882.000000000132 2.4941746449704234
883.0000000001322 2.5
884.0000000001324 2.494758187242514
885.0000000001327 2.495148227054155
886.0000000001329 2.5
887.0000000001331 2.5
888.0000000001334 2.49612641540389
889.0000000001336 2.5
890.0000000001338 2.496715135932588
891.000000000134 2.4971082398214373
892.0000000001343 2.5
893.0000000001345 2.5
894.0000000001347 2.4980927276498464
895.000000000135 2.5
896.0000000001352 2.4986842935732496
897.0000000001354 2.499078904745772
898.0000000001356 2.5
899.0000000001359 2.5
900.0000000001361 2.5000657964487583
901.0000000001363 2.5
902.0000000001365 2.5006578691621635
903.0000000001368 2.5010524285464646
904.000000000137 2.5
905.0000000001372 2.5
906.0000000001374 2.5020378282348794
907.0000000001377 2.5
908.0000000001379 2.5026280726611407
909.0000000001381 2.5030210250726244
910.0000000001384 2.5
911.0000000001386 2.5
912.0000000001388 2.5040010519284106
913.000000000139 2.5
914.0000000001393 2.504587145687122
915.0000000001395 2.504976945920816
916.0000000001397 2.5
917.00000000014 2.5
918.0000000001402 2.5059477493495
919.0000000001404 2.5
920.0000000001406 2.5065273917903363
921.0000000001409 2.506912510617046
922.0000000001411 2.5
923.0000000001413 2.5
924.0000000001415 2.5078702851406254
925.0000000001418 2.5
926.000000000142 2.50844120620799
927.0000000001422 2.508820136252718
928.0000000001424 2.5
929.0000000001427 2.5
930.0000000001429 2.509761136090107
931.0000000001431 2.5
932.0000000001434 2.5103211049881677
933.0000000001436 2.5106923664705025
934.0000000001438 2.5
935.000000000144 2.5
936.0000000001443 2.511612919755975
937.0000000001445 2.5
938.0000000001447 2.51215975338513
939.000000000145 2.512521899702643
940.0000000001452 2.5
941.0000000001454 2.5
942.0000000001456 2.5134184222959144
943.0000000001459 2.5
944.0000000001461 2.51394999343367
945.0000000001463 2.514301616570622
946.0000000001465 2.5
947.0000000001468 2.5
948.000000000147 2.5151706254155646
949.0000000001472 2.5
950.0000000001475 2.5156848706168096
951.0000000001477 2.5160246063617633
952.0000000001479 2.5
953.0000000001481 2.5
954.0000000001484 2.5168627323539554
955.0000000001486 2.5
956.0000000001488 2.5173576595474394
957.000000000149 2.5176841925047824
958.0000000001493 2.5
959.0000000001495 2.5
960.0000000001497 2.5184881928311826
961.00000000015 2.5
962.0000000001502 2.5189618885910825
963.0000000001504 2.5192739569724756
964.0000000001506 2.5
965.0000000001509 2.5
966.0000000001511 2.520040726889741
967.0000000001513 2.5
968.0000000001515 2.5204913633627806
969.0000000001518 2.5207877635460063
970.000000000152 2.5
971.0000000001522 2.5
972.0000000001525 2.521514347566865
973.0000000001527 2.5
974.0000000001529 2.5219401890374127
975.0000000001531 2.5222197798810884
976.0000000001534 2.5
977.0000000001536 2.5
978.0000000001538 2.522903382341004
979.000000000154 2.5
980.0000000001543 2.5233027914182005
981.0000000001545 2.5235644983219996
982.0000000001547 2.5
983.000000000155 2.5
984.0000000001552 2.5242024933012233
985.0000000001554 2.5
986.0000000001556 2.524573936713712
987.0000000001559 2.5248167554147676
988.0000000001561 2.5
989.0000000001563 2.5
990.0000000001565 2.5254066959933255
991.0000000001568 2.5
992.000000000157 2.5257487499787765
993.0000000001572 2.5259717500759598
994.0000000001575 2.5
995.0000000001577 2.5
996.0000000001579 2.5265113769015977
997.0000000001581 2.5
998.0000000001584 2.526822732179589
999.0000000001586 2.527025060378273
1000.0000000001588 2.5
1001.000000000159 2.5
1002.0000000001593 2.5275123095296332
1003.0000000001595 2.5
1004.0000000001597 2.5277917758478896
1005.00000000016 2.5279726589186344
1006.0000000001602 2.5
1007.0000000001604 2.5
1008.0000000001606 2.528405669048213
1009.0000000001609 2.5
1010.0000000001611 2.5286521792931276
1011.0000000001613 2.528810926738714
1012.0000000001615 2.5
1013.0000000001618 2.5
1014.000000000162 2.5291880454819418
1015.0000000001622 2.5
1016.0000000001625 2.529400659345958
1017.0000000001627 2.5295366657716665
1018.0000000001629 2.5
1019.0000000001631 2.5
1020.0000000001634 2.5298564554104326
1021.0000000001636 2.5
1022.0000000001638 2.5300343626095243
1023.000000000164 2.530147109792568
1024.0000000001642 2.5
1025.0000000001633 2.5
1026.0000000001623 2.5304083521631964
1027.0000000001614 2.5
1028.0000000001605 2.530550875198899
1029.0000000001596 2.5306399338533345
1030.0000000001587 2.5
1031.0000000001578 2.5
1032.000000000157 2.5308416344906832
1033.000000000156 2.5
1034.000000000155 2.5309482309520175
1035.0000000001542 2.531013262186313
1036.0000000001532 2.5
1037.0000000001523 2.5000000000000004
1038.0000000001514 2.5311546536970035
1039.0000000001505 2.5
1040.0000000001496 2.531224918098518
1041.0000000001487 2.531265674563227
1042.0000000001478 2.5
1043.0000000001469 2.5
1044.000000000146 2.531346219222708
1045.000000000145 2.4999999999999996
1046.0000000001442 2.53137988437564
1047.0000000001432 2.531396211099529
1048.0000000001423 2.5
1049.0000000001414 2.5000000000000004
1050.0000000001405 2.5314156026687322
1051.0000000001396 2.5
1052.0000000001387 2.5314125405832617
1053.0000000001378 2.5314043754963977
1054.0000000001369 2.4999999999999996
1055.000000000136 2.5
1056.000000000135 2.5313625402551962
1057.0000000001342 2.5
1058.0000000001332 2.531322762572218
1059.0000000001323 2.5312901367153815
1060.0000000001314 2.5
1061.0000000001305 2.4999999999999996
1062.0000000001296 2.531187233711252
1063.0000000001287 2.5000000000000004
1064.0000000001278 2.5311108916631135
1065.0000000001269 2.5310539290830896
1066.000000000126 2.5
1067.000000000125 2.5
1068.0000000001241 2.5308903495945914
1069.0000000001232 2.5000000000000004
1070.0000000001223 2.5307777334948223
1071.0000000001214 2.530696650825776
1072.0000000001205 2.5
1073.0000000001196 2.4999999999999996
1074.0000000001187 2.530473017041639
1075.0000000001178 2.4999999999999996
1076.0000000001169 2.5303245553044973
1077.000000000116 2.5302196610361216
1078.000000000115 2.5000000000000004
1079.0000000001141 2.5
1080.0000000001132 2.529936823952067
1081.0000000001123 2.5
1082.0000000001114 2.529753081643315
1083.0000000001105 2.5296247750767558
1084.0000000001096 2.5
1085.0000000001087 2.529423646574367
1086.0000000001078 2.5292838116133183
1087.0000000001069 2.529212177274454
1088.000000000106 2.5290654885346773
1089.000000000105 2.528914258428086
1090.0000000001041 2.5
1091.0000000001032 2.528678948857257
1092.0000000001023 2.5285164677739713
1093.0000000001014 2.5284335540555634
1094.0000000001005 2.5282643960842295
1095.0000000000996 2.5280908189899827
1096.0000000000987 2.5
1097.0000000000978 2.5278222256521876
1098.0000000000969 2.5276377181770355
1099.000000000096 2.5275438413715072
1100.000000000095 2.5273528595537487
1101.0000000000941 2.5271575978501613
1102.0000000000932 2.5
1103.0000000000923 2.526856745975721
1104.0000000000914 2.526650916567294
1105.0000000000905 2.526546435159375
1106.0000000000896 2.526334358913912
1107.0000000000887 2.526118158534787
1108.0000000000878 2.5
1109.0000000000869 2.525786197764759
1110.000000000086 2.525559833189835
1111.000000000085 2.525445146624207
1112.0000000000841 2.5252127868939955
1113.0000000000832 2.524976474760018
1114.0000000000823 2.5
1115.0000000000814 2.5246146751825513
1116.0000000000805 2.5243686418001134
1117.0000000000796 2.5242441891014407
1118.0000000000787 2.5239924355498853
1119.0000000000778 2.523736916706536
1120.0000000000769 2.5
1121.000000000076 2.5233466644549973
1122.000000000075 2.523081905209421
1123.0000000000741 2.5229481634573703
1124.0000000000732 2.522677981375367
1125.0000000000723 2.5224042358428655
1126.0000000000714 2.499999999999999
1127.0000000000705 2.5219870282640855
1128.0000000000696 2.521704559393345
1129.0000000000687 2.521562042055554
1130.0000000000678 2.521274468985437
1131.0000000000668 2.520983548326838
1132.000000000066 2.499999999999999
1133.000000000065 2.520540988729281
1134.0000000000641 2.5202418961947486
1135.0000000000632 2.5200911513212048
1136.0000000000623 2.519787293404491
1137.0000000000614 2.5194803170191133
1138.0000000000605 2.5
1139.0000000000596 2.5190141090118465
1140.0000000000587 2.5186995446573297
1141.0000000000578 2.5185411529398976
1142.0000000000568 2.5182221809966747
1143.000000000056 2.5179003321468376
1144.000000000055 2.500000000000001
1145.0000000000541 2.5174122735816873
1146.0000000000532 2.5170834510301168
1147.0000000000523 2.516918023731612
1148.0000000000514 2.5165851690803316
1149.0000000000505 2.516249690660373
1150.0000000000496 2.499999999999999
1151.0000000000487 2.5157416671911337
1152.0000000000477 2.5153998574884078
1153.0000000000468 2.5152280342459763
1154.000000000046 2.514882584273466
1155.000000000045 2.5145347743310604
1156.000000000044 2.500000000000001
1157.0000000000432 2.514008752605157
1158.0000000000423 2.513655279621713
1159.0000000000414 2.5134777261299277
1160.0000000000405 2.5131210196224947
1161.0000000000396 2.512762226643371
1162.0000000000387 2.5
1163.0000000000377 2.51222024714306
1164.0000000000368 2.511856482744814
1165.000000000036 2.5116738883243963
1166.000000000035 2.5113073105720076
1167.000000000034 2.5109389285403325
1168.0000000000332 2.499999999999999
1169.0000000000323 2.5103830980922437
1170.0000000000314 2.510010457093736
1171.0000000000305 2.509823532152378
1172.0000000000296 2.509448509839193
1173.0000000000286 2.509071973087022
1174.0000000000277 2.5
1175.0000000000268 2.508504457060685
1176.000000000026 2.5081243919745404
1177.000000000025 2.5079338653669625
1178.000000000024 2.507551861262576
1179.0000000000232 2.507168639123093
1180.0000000000223 2.5
1181.0000000000214 2.5065916533408856
1182.0000000000205 2.506205648938816
1183.0000000000196 2.5060122652338435
1184.0000000000186 2.505624772700936
1185.0000000000177 2.505236363981387
1186.0000000000168 2.5
1187.000000000016 2.5046521663643926
1188.000000000015 2.5042617340663713
1189.000000000014 2.5040662507293803
1190.0000000000132 2.5036747880647967
1191.0000000000123 2.5032827153563906
1192.0000000000114 2.5
1193.0000000000105 2.5026935973324154
1194.0000000000095 2.502300269441925
1195.0000000000086 2.50210345394172
1196.0000000000077 2.501709558569206
1197.0000000000068 2.5013153624125137
1198.000000000006 2.5
1199.000000000005 2.500723640114633
1200.000000000004 2.5003289639191895
1201.0000000000032 2.5001315907690196
1202.0000000000023 2.499736813303256
1203.0000000000014 2.4993420462289686
1204.0000000000005 2.5
1205.0999999999995 2.499999999999999
1206.0999999999985 2.498355583272297
1207.0999999999976 2.5
1208.0999999999967 2.497764329218144
1209.0999999999958 2.4973705496843195
1210.099999999995 2.5
1211.099999999994 2.499999999999999
1212.099999999993 2.496387919840901
1213.0999999999922 2.500000000000001
1214.0999999999913 2.4957999006420795
1215.0999999999904 2.495408666890335
1216.0999999999894 2.5
1217.0999999999885 2.499999999999999
1218.0999999999876 2.4944337617816896
1219.0999999999867 2.5
1220.0999999999858 2.493851308436593
1221.099999999985 2.4934641722908144
1222.099999999984 2.500000000000001
1223.099999999983 2.5
1224.0999999999822 2.49250086204496
1225.0999999999813 2.499999999999999
1226.0999999999804 2.491926288914655
1227.0999999999794 2.491544789547057
1228.0999999999785 2.499999999999999
1229.0999999999776 2.5
1230.0999999999767 2.490596907200737
1231.0999999999758 2.5
1232.099999999975 2.4900325026467356
1233.099999999974 2.4896581603370618
1234.099999999973 2.5
1235.0999999999722 2.5
1236.0999999999713 2.488729486244146
1237.0999999999704 2.5
1238.0999999999694 2.488177503285919
1239.0999999999685 2.487811813200667
1240.0999999999676 2.500000000000001
1241.0999999999667 2.500000000000001
1242.0999999999658 2.4869060595144536
1243.099999999965 2.5
1244.099999999964 2.486368706547971
1245.099999999963 2.486013132567192
1246.0999999999622 2.499999999999999
1247.0999999999613 2.5
1248.0999999999603 2.485133927866432
1249.0999999999594 2.5
1250.0999999999585 2.484613359485918
1251.0999999999576 2.484269328106018
1252.0999999999567 2.500000000000001
1253.0999999999558 2.500000000000001
1254.099999999955 2.483420202236011
1255.099999999954 2.500000000000001
1256.099999999953 2.482918510202064
1257.0999999999522 2.4825874045434393
1258.0999999999513 2.5
1259.0999999999503 2.5
1260.0999999999494 2.481771773744747
1261.0999999999485 2.499999999999999
1262.0999999999476 2.4812909781425962
1263.0999999999467 2.4809741320913523
1264.0999999999458 2.5
1265.0999999999449 2.5
1266.099999999944 2.480195284489352
1267.099999999943 2.5
1268.0999999999422 2.4797373251213233
1269.0999999999412 2.4794360176344385
1270.0999999999403 2.5
1271.0999999999394 2.5
1272.0999999999385 2.478697099163326
1273.0999999999376 2.5
1274.0999999999367 2.4782638272193993
1275.0999999999358 2.4779792768227153
1276.0999999999349 2.500000000000001
1277.099999999934 2.500000000000001
1278.099999999933 2.4772832776569107
1279.0999999999322 2.5
1280.0999999999312 2.4768764477073404
1281.0999999999303 2.4766098072153095
1282.0999999999294 2.499999999999999
1283.0999999999285 2.499999999999999
1284.0999999999276 2.4759595487806543
1285.0999999999267 2.5
1286.0999999999258 2.475580811133429
1287.0999999999249 2.47533316261934
1288.099999999924 2.5
1289.099999999923 2.5
1290.0999999999221 2.4747312852546757
1291.0999999999212 2.5
1292.0999999999203 2.4743821787199467
1293.0999999999194 2.4741545287641955
1294.0999999999185 2.5
1295.0999999999176 2.5
1296.0999999999167 2.47360348010206
1297.0999999999158 2.5
1298.0999999999149 2.4732854252040273
1299.099999999914 2.4730787004473544
1300.099999999913 2.5
1301.0999999999121 2.5
1302.0999999999112 2.4725807245795672
1303.0999999999103 2.5
1304.0999999999094 2.4722950172546168
1305.0999999999085 2.472110060281719
1306.0999999999076 2.5
1307.0999999999067 2.5
1308.0999999999058 2.471667187772474
1309.0999999999049 2.5
1310.099999999904 2.471414993590182
1311.099999999903 2.4712525591677448
1312.0999999999021 2.5
1313.0999999999012 2.5
1314.0999999999003 2.4708665979727598
1315.0999999998994 2.5
1316.0999999998985 2.4706489469138435
1317.0999999998976 2.4705096986053325
1318.0999999998967 2.5
1319.0999999998958 2.5
1320.0999999998949 2.470182225951036
1321.099999999894 2.5
1322.099999999893 2.4700000077735367
1323.0999999998921 2.469884514950975
1324.0999999998912 2.5
1325.0999999998903 2.5
1326.0999999998894 2.4696168702227883
1327.0999999998885 2.5
1328.0999999998876 2.46947083044452
1329.0999999998867 2.4693795657154562
1330.0999999998858 2.5
1331.0999999998849 2.4999999999999996
1332.099999999884 2.4691728443984626
1333.099999999883 2.5
1334.0999999998821 2.469063580920338
1335.0999999998812 2.468996917985778
1336.0999999998803 2.5
1337.0999999998794 2.5
1338.0999999998785 2.4688519666951025
1339.0999999998776 2.5
1340.0999999998767 2.4687799270861444
1341.0999999998758 2.468738139042747
1342.0999999998749 2.4999999999999996
1343.099999999874 2.4999999999999996
1344.099999999873 2.46865555167447
1345.0999999998721 2.5
1346.0999999998712 2.4686210311355317
1347.0999999998703 2.4686042892325184
1348.0999999998694 2.5
1349.0999999998685 2.4999999999999996
1350.0999999998676 2.4685844042591674
1351.0999999998667 2.5
1352.0999999998658 2.468587544277918
1353.0999999998648 2.468595917136699
1354.099999999864 2.5
1355.099999999863 2.4999999999999996
1356.0999999998621 2.468638816064249
1357.0999999998612 2.5
1358.0999999998603 2.468679603769991
1359.0999999998594 2.4687130570711786
1360.0999999998585 2.5000000000000004
1361.0999999998576 2.5000000000000004
1362.0999999998567 2.4688185640673406
1363.0999999998558 2.5000000000000004
1364.0999999998548 2.4688968322898104
1365.099999999854 2.468955228929711
1366.099999999853 2.4999999999999996
1367.0999999998521 2.5
1368.0999999998512 2.46912291162577
1369.0999999998503 2.5
1370.0999999998494 2.4692383396572155
1371.0999999998485 2.4693214403729358
1372.0999999998476 2.5
1373.0999999998467 2.5
1374.0999999998457 2.4695506118341655
1375.0999999998448 2.5
1376.099999999844 2.4697027268903065
1377.099999999843 2.469810191349242
1378.099999999842 2.5
1379.0999999998412 2.5
1380.0999999998403 2.470099913201417
1381.0999999998394 2.5
1382.0999999998385 2.470288092571892
1383.0999999998376 2.4704194809190194
1384.0999999998367 2.5
1385.0999999998357 2.5
1386.0999999998348 2.470768567611531
1387.099999999834 2.5
1388.099999999833 2.470992041486411
1389.099999999832 2.471146816339622
1390.0999999998312 2.5
1391.0999999998303 2.5
1392.0999999998294 2.4715538405185793
1393.0999999998285 2.5
1394.0999999998276 2.47181169547342
1395.0999999998267 2.4719892243545276
1396.0999999998257 2.5
1397.0999999998248 2.5
1398.099999999824 2.472452523312658
1399.099999999823 2.5
1400.099999999822 2.472743706430538
1401.0999999998212 2.472943264616992
1402.0999999998203 2.5
1403.0999999998194 2.5
1404.0999999998185 2.47346094778066
1405.0999999998176 2.5
1406.0999999998166 2.4737842713861324
1407.0999999998157 2.4740050451660704
1408.0999999998148 2.5
1409.099999999814 2.5
1410.099999999813 2.4745750025740767
1411.099999999812 2.5
1412.0999999998112 2.474929149550228
1413.0999999998103 2.4751702398612636
1414.0999999998094 2.5
1415.0999999998085 2.5
1416.0999999998076 2.475790151584462
1417.0999999998066 2.5
1418.0999999998057 2.4761736812415482
1419.0999999998048 2.476434107671543
1420.099999999804 2.5
1421.099999999803 2.5
1422.099999999802 2.4771014541175207
1423.0999999998012 2.5
1424.0999999998003 2.477512808578447
1425.0999999997994 2.4777915137049638
1426.0999999997985 2.5
1427.0999999997975 2.5
1428.0999999997966 2.4785035867476926
1429.0999999997957 2.5
1430.0999999997948 2.478941097813453
1431.099999999794 2.4792369518567194
1432.099999999793 2.5
1433.099999999792 2.5
1434.0999999997912 2.4799908667273494
1435.0999999997903 2.5
1436.0999999997894 2.480452763183295
1437.0999999997885 2.4807645689463556
1438.0999999997875 2.5
1439.0999999997866 2.5
1440.0999999997857 2.4815572768181973
1441.0999999997848 2.5
1442.099999999784 2.4820416921403092
1443.099999999783 2.4823681902089416
1444.099999999782 2.5
1445.0999999997812 2.5
1446.0999999997803 2.4831964914071354
1447.0999999997794 2.5
1448.0999999997784 2.483701471826135
1449.0999999997775 2.484041346000099
1450.0999999997766 2.5
1451.0999999997757 2.5
1452.0999999997748 2.484901903764751
1453.099999999774 2.5
1454.099999999773 2.4854254166448855
1455.099999999772 2.485777299571753
1456.0999999997712 2.5
1457.0999999997703 2.5
1458.0999999997694 2.4866666543017573
1459.0999999997684 2.5
1460.0999999997675 2.487206596790461
1461.0999999997666 2.487569075772697
1462.0999999997657 2.5
1463.0999999997648 2.5
1464.099999999764 2.4884836596769646
1465.099999999763 2.5
1466.099999999762 2.4890378675813647
1467.0999999997612 2.489409490527244
1468.0999999997603 2.5
1469.0999999997593 2.5
1470.0999999997584 2.4903456426099746
1471.0999999997575 2.5
1472.0999999997566 2.490911899456149
1473.0999999997557 2.491291180945249
1474.0999999997548 2.5
1475.099999999754 2.5
1476.099999999753 2.4922451622520474
1477.099999999752 2.5
1478.0999999997512 2.49282120848347
1479.0999999997503 2.493206635917699
1480.0999999997493 2.5
1481.0999999997484 2.5
1482.0999999997475 2.494174644970466
1483.0999999997466 2.5
1484.0999999997457 2.4947581872425593
1485.0999999997448 2.4951482270541994
1486.0999999997439 2.5
1487.099999999743 2.5
1488.099999999742 2.4961264154039333
1489.0999999997412 2.5
1490.0999999997402 2.4967151359326323
1491.0999999997393 2.497108239821482
1492.0999999997384 2.5
1493.0999999997375 2.5
1494.0999999997366 2.4980927276498908
1495.0999999997357 2.5
1496.0999999997348 2.498684293573295
1497.0999999997339 2.4990789047458173
1498.099999999733 2.5
1499.099999999732 2.5
1500.0999999997312 2.5000657964488027
#####################################################################
# End of data export. Simulation finished at: 2024-06-03T12:07+0000 #
#####################################################################
